firstSegment:
  lineEnd: [0.17723286151885986, -0.25897088646888733, 0.04999998211860657]
  lineStart: [1.479893684387207, -0.2512510120868683, 0.04999998211860657]
secondSegment:
  circleCenter: [0.17628155648708344, -0.09842758625745773, 0.05000000074505806]
  circleRadius: 0.16404467821121216
segmentLengths: [1.3026836975630398, 0.5153615559288457, 1.2083408793479886, 3.026386132839874]
thirdSegment:
  lineEnd: [1.383181095123291, 0.07369130849838257, 0.04999998211860657]
  lineStart: [0.17488524317741394, 0.06325642019510269, 0.04999998211860657]
